data:
cmNums:5;hp:100;location:61,32;hp:100;location:66,22;hp:100;location:6,34;hp:100;location:10,19;hp:100;location:13,11;
playerNums:1;hp:100;location:6,38;
end
map:
40,70;
2 2 2 2 2 2 2 2 2 2 2 2 2 2 2 2 2 2 2 2 2 2 2 2 2 2 2 2 2 2 2 2 2 2 2 2 2 2 2 2 2 2 2 2 2 2 2 2 2 2 2 2 2 2 2 2 2 2 2 2 2 2 2 2 2 2 2 2 2 2 
0 5 5 5 5 5 5 5 5 5 5 5 5 5 5 5 5 5 5 5 5 5 5 5 5 5 5 5 5 5 5 5 5 5 5 5 5 5 5 5 5 5 5 3 2 5 5 5 5 5 5 5 5 5 5 5 5 5 5 5 5 5 5 5 5 5 5 5 5 1 
0 5 5 5 5 5 5 5 5 5 5 5 5 5 5 5 5 5 5 5 5 5 5 5 5 5 5 5 5 5 5 5 5 5 5 5 5 5 5 5 5 5 5 3 2 5 5 5 5 5 5 5 5 5 5 5 5 5 5 5 5 5 5 5 5 5 5 5 5 1 
0 5 5 5 5 5 5 5 5 5 5 5 5 5 5 5 5 5 5 3 3 3 5 5 5 5 3 3 3 3 3 3 3 3 3 3 5 5 5 5 5 5 5 3 2 5 5 5 5 5 5 5 5 5 5 5 5 5 5 5 5 5 5 5 5 5 5 5 5 1 
0 3 3 3 3 3 3 3 3 3 3 3 5 5 5 5 5 5 3 2 2 2 3 3 3 3 2 2 2 2 2 2 2 2 2 2 5 5 5 5 5 5 5 3 2 5 5 5 5 5 5 5 5 5 5 5 5 5 5 5 5 5 5 5 5 5 5 5 5 1 
0 2 2 2 2 2 2 2 2 2 2 2 5 5 5 5 5 5 2 5 5 5 5 2 2 2 2 2 2 2 2 2 2 3 5 5 5 5 5 5 5 5 5 3 2 5 5 5 5 5 5 5 5 5 5 5 5 5 5 5 5 5 5 5 5 5 5 5 5 1 
0 5 5 5 5 5 5 5 5 5 5 5 5 5 5 5 5 5 5 5 5 5 5 5 2 2 2 2 2 2 2 2 2 2 2 3 3 3 3 3 3 5 5 3 2 5 5 5 5 5 5 5 5 5 5 5 5 5 5 5 5 5 5 5 5 5 5 5 5 1 
0 5 5 5 5 5 5 5 5 3 3 3 3 3 3 3 3 3 3 3 3 3 3 3 2 2 2 2 2 2 2 2 2 2 2 2 2 2 2 2 2 5 5 3 2 5 5 5 5 5 5 5 5 5 5 5 5 5 5 5 5 5 5 5 5 5 5 5 5 1 
0 5 5 3 3 3 3 3 3 2 2 2 2 2 2 2 2 2 2 2 2 2 2 2 2 2 2 2 2 2 2 5 5 5 5 5 5 5 5 5 5 5 5 3 2 5 5 5 5 5 5 5 5 5 5 5 5 5 5 5 5 5 5 5 5 5 5 5 5 1 
0 5 5 2 2 2 2 2 2 2 5 5 5 5 5 5 5 5 5 5 5 5 5 5 2 2 2 2 2 2 2 3 5 5 5 5 5 5 5 5 5 5 5 3 2 2 2 5 5 5 5 5 5 5 5 5 5 5 5 5 5 5 5 5 5 5 5 5 5 1 
0 3 5 5 5 5 5 5 5 2 5 5 5 5 5 5 5 5 5 5 5 5 5 2 2 5 5 5 2 2 2 2 3 5 5 5 5 5 5 5 5 5 5 2 2 2 2 2 2 2 2 5 5 5 5 5 5 5 5 5 5 5 5 5 5 5 5 5 5 1 
0 2 3 5 5 5 5 5 5 2 5 5 5 5 5 5 5 5 5 5 5 2 2 5 5 5 5 5 5 5 5 2 2 3 5 5 5 5 5 5 5 5 5 5 5 5 5 5 5 5 2 2 2 2 5 5 5 4 5 5 5 5 5 5 5 5 5 5 5 1 
0 5 2 3 5 5 5 5 5 5 5 5 5 5 5 5 5 5 5 2 2 2 5 5 5 5 5 5 5 5 5 5 5 2 3 3 5 5 5 5 5 5 5 5 5 5 5 5 5 5 5 2 2 2 2 2 2 2 2 2 2 2 2 2 2 5 5 5 3 1 
0 5 5 2 5 5 5 5 5 5 5 5 5 5 4 5 5 2 2 2 5 5 5 5 5 5 5 5 5 5 5 5 5 5 5 2 3 3 3 3 5 5 5 5 5 5 5 5 5 5 5 5 5 5 5 5 5 5 5 5 5 5 5 5 5 5 3 3 2 1 
0 5 5 5 5 5 5 5 5 5 2 2 2 2 2 2 2 2 2 2 2 2 2 5 5 5 2 2 2 2 2 2 2 2 2 2 2 2 2 2 2 5 5 5 5 5 5 5 5 5 5 5 5 5 5 5 5 5 5 5 5 5 5 5 3 3 2 2 2 1 
0 5 5 5 2 2 2 2 2 2 2 2 5 5 5 5 5 5 5 5 5 5 2 5 5 2 2 5 5 5 5 5 2 2 5 5 5 5 5 5 5 5 5 5 5 5 5 5 5 5 5 5 5 5 5 5 5 5 5 5 5 5 3 3 2 2 2 2 2 1 
0 5 5 5 5 5 5 5 5 5 2 2 5 5 5 5 5 5 5 5 5 5 2 3 5 5 5 5 4 5 5 5 5 2 2 5 5 5 5 5 5 5 5 5 5 5 5 3 3 3 3 3 3 3 5 5 5 5 5 3 3 3 3 3 2 2 2 2 2 1 
0 5 5 5 5 5 5 5 5 2 2 5 5 5 5 5 5 5 5 5 5 5 2 2 2 2 2 2 2 2 5 5 5 5 5 5 5 5 5 5 5 5 5 5 5 3 3 3 2 2 2 2 2 2 2 5 5 5 5 2 2 2 2 2 2 5 2 2 2 1 
0 5 5 5 2 2 2 2 2 5 5 5 5 5 5 5 5 5 5 5 5 5 5 5 5 5 5 5 5 5 5 5 5 4 5 5 5 5 5 5 5 5 5 5 5 2 2 2 5 5 5 5 5 5 5 5 5 5 5 5 5 5 5 5 5 5 5 2 2 1 
0 3 5 5 5 5 5 5 5 5 5 5 5 5 5 5 5 5 5 5 5 5 5 5 5 5 5 5 5 5 3 3 3 3 3 3 3 3 3 3 3 3 3 5 5 5 5 5 5 5 5 5 5 5 5 5 5 5 5 5 5 5 5 5 5 5 5 5 2 1 
0 2 3 3 3 5 5 5 2 2 2 2 2 5 5 5 5 5 5 5 5 5 5 5 5 5 5 5 3 3 3 5 5 5 5 5 5 5 5 5 5 2 3 3 3 5 5 5 5 5 5 5 5 5 5 5 5 5 5 5 5 5 5 5 5 5 5 5 5 1 
0 5 2 2 3 5 5 5 5 5 5 5 2 2 2 5 5 5 5 5 5 5 5 5 5 5 3 3 3 2 5 5 5 5 5 5 5 5 5 5 5 5 5 5 5 5 5 3 3 3 5 5 5 5 5 5 5 5 5 5 5 5 5 5 5 5 5 5 5 1 
0 5 5 2 2 5 5 5 5 5 2 5 5 5 5 5 5 2 5 5 5 5 4 5 3 3 3 2 2 5 5 5 5 5 5 5 5 5 5 5 5 5 5 5 2 3 3 3 3 3 3 5 5 5 5 5 5 5 5 5 5 5 5 5 5 5 5 5 5 1 
0 3 3 5 5 5 5 2 2 2 2 5 5 5 5 5 5 5 5 5 5 3 3 3 3 2 2 2 2 5 5 5 5 5 5 5 5 5 5 5 5 5 5 5 2 2 2 2 2 2 2 3 3 5 5 5 5 5 5 5 5 5 5 5 5 5 5 5 5 1 
0 2 3 3 3 5 5 5 5 5 5 5 5 5 5 5 5 5 5 3 3 3 2 2 2 2 2 2 2 5 5 5 5 5 5 5 5 5 5 4 5 5 2 2 2 2 2 2 2 2 2 2 5 5 5 5 5 5 5 5 5 5 5 5 5 5 5 5 5 1 
0 2 2 2 3 3 3 3 3 5 5 5 5 5 5 5 5 5 5 5 5 5 5 5 5 5 5 2 2 2 2 2 2 2 2 2 2 2 2 2 2 2 2 2 5 5 5 5 5 5 5 5 5 5 5 5 5 5 5 5 5 5 5 5 5 5 5 5 5 1 
0 2 2 2 2 2 2 2 2 2 5 5 5 5 5 5 2 2 2 2 5 5 5 5 5 5 5 5 5 5 5 5 5 5 5 5 5 5 5 5 5 5 5 5 5 5 5 5 5 5 2 2 2 2 2 2 2 2 2 2 2 5 5 5 5 5 5 5 5 1 
0 5 5 5 5 5 5 5 5 5 5 5 5 5 5 5 5 5 5 5 5 5 5 5 5 5 5 5 5 5 5 5 5 5 5 5 5 2 2 2 2 2 2 2 2 5 5 5 5 5 5 5 5 5 5 5 5 5 5 5 5 5 5 5 5 5 5 5 5 1 
0 5 5 5 5 5 5 5 5 5 5 3 3 5 5 5 5 5 5 5 5 5 5 5 5 5 5 5 5 5 5 5 5 5 5 5 2 2 5 5 5 5 5 5 5 5 5 5 5 5 5 5 5 5 5 5 5 5 5 5 5 5 5 5 5 5 5 5 5 1 
0 5 5 5 5 5 5 5 5 5 3 2 2 3 5 5 5 5 5 5 5 5 5 5 5 5 5 5 5 5 5 5 5 5 5 2 2 5 5 5 5 5 5 5 2 2 2 2 2 2 2 2 2 2 2 5 5 5 5 5 5 4 5 5 5 5 5 5 5 1 
0 3 3 3 3 3 3 3 3 3 2 2 2 2 3 3 3 3 3 3 3 5 5 5 5 5 5 2 2 2 2 2 2 2 2 2 5 5 5 5 5 5 5 5 5 5 5 5 5 5 5 5 5 2 2 2 2 2 2 2 2 2 2 2 5 5 5 5 5 1 
0 2 2 2 2 2 2 2 2 2 2 2 2 2 2 2 2 2 2 2 2 3 5 5 5 5 5 5 5 5 5 5 5 5 5 5 5 5 5 5 5 5 4 5 5 5 5 5 5 5 5 5 2 2 5 5 5 5 5 5 5 5 5 5 5 5 5 5 5 1 
0 5 5 5 5 5 5 5 5 5 5 5 5 5 5 5 5 5 5 5 5 5 5 5 5 5 2 2 2 2 2 2 2 2 2 2 2 2 2 2 2 2 2 2 2 5 5 5 5 5 5 5 5 2 2 5 5 5 5 5 5 5 5 5 5 5 4 5 5 1 
0 5 5 5 5 5 5 5 5 5 5 5 5 5 5 5 5 5 5 5 4 5 5 5 5 5 5 5 5 5 5 5 5 5 5 5 5 5 5 5 5 5 5 2 2 2 2 2 2 2 2 2 2 2 2 5 5 5 5 5 5 2 2 2 2 2 2 2 2 1 
0 4 5 5 5 5 5 5 5 5 5 5 5 5 5 5 5 5 2 2 2 2 2 2 2 5 5 5 5 5 5 5 5 5 5 5 5 5 5 5 5 5 5 5 5 5 5 5 5 5 5 5 5 5 5 5 5 5 5 5 5 5 5 5 5 5 5 5 5 1 
0 2 2 2 2 2 2 2 2 2 2 2 2 2 2 2 2 2 2 2 5 5 5 5 2 2 5 5 5 5 5 5 5 5 5 5 5 5 5 5 5 5 5 5 5 5 5 5 5 5 5 5 5 5 5 4 5 5 5 5 5 5 5 5 5 5 5 5 5 1 
0 5 5 5 5 5 5 5 5 5 5 5 5 5 5 5 5 5 5 5 5 5 5 5 2 2 2 2 2 5 5 5 5 5 5 5 5 5 5 5 5 5 5 5 5 5 5 2 2 2 2 2 2 2 2 2 2 2 2 2 2 2 2 2 2 2 2 2 2 1 
0 5 5 5 5 5 5 5 5 5 5 5 5 5 5 5 5 5 5 5 5 5 5 5 5 5 5 2 2 5 5 5 5 5 5 5 5 5 5 5 5 5 5 5 5 5 5 5 5 5 5 5 5 5 5 5 5 5 5 5 5 5 5 5 5 5 5 5 5 1 
0 5 5 5 5 5 5 5 5 5 5 5 5 5 5 5 4 5 5 5 5 5 5 5 5 5 5 5 5 5 5 5 5 5 5 5 5 5 5 5 5 5 5 5 5 5 5 4 5 5 5 5 5 5 5 5 5 5 5 5 5 5 5 5 5 5 5 5 5 1 
2 2 2 2 2 2 2 2 2 2 2 2 2 2 2 2 2 2 2 2 2 2 2 2 2 2 2 2 2 2 2 2 2 2 2 2 2 2 2 2 2 2 2 2 2 2 2 2 2 2 2 2 2 2 2 2 2 2 2 2 2 2 2 2 2 2 2 2 2 2 
end
