2222222222222222222222222222222222222222222222222222222222222222222222
0555555555555555555555555555555555555555555325555555555555555555555551
0555555555555555555555555555555555555555555325555555555555555555555551
0555555555555555555333555533333333335555555325555555555555555555555551
0333333333335555553222333322222222225555555325555555555555555555555551
0222222222225555552555522222222223555555555325555555555555555555555551
0555555555555555555555552222222222233333355325555555555555555555555551
0555555553333333333333332222222222222222255325555555555555555555555551
0553333332222222222222222222222555555555555325555555555555555555555551
0552222222555555555555552222222355555555555322255555555555555555555551
0355555552555555555555522555222235555555555222222225555555555555555551
0235555552555555555552255555555223555555555555555522225554555555555551
0523555555555555555222555555555552335555555555555552222222222222255531
0552555555555545522255555555555555523333555555555555555555555555553321
0555555555222222222222255522222222222222255555555555555555555555332221
0555222222225555555555255225555522555555555555555555555555555533222221
0555555555225555555555235555455552255555555555533333335555533333222221
0555555552255555555555222222225555555555555553332222222555522222252221
0555222225555555555555555555555554555555555552225555555555555555555221
0355555555555555555555555555553333333333333555555555555555555555555521
0233355522222555555555555555333555555555523335555555555555555555555551
0522355555552225555555555533325555555555555555533355555555555555555551
0552255555255555525555453332255555555555555523333335555555555555555551
0335555222255555555553333222255555555555555522222223355555555555555551
0233355555555555555333222222255555555554552222222222555555555555555551
0222333335555555555555555552222222222222222255555555555555555555555551
0222222222555555222255555555555555555555555555555522222222222555555551
0555555555555555555555555555555555555222222225555555555555555555555551
0555555555533555555555555555555555552255555555555555555555555555555551
0555555555322355555555555555555555522555555522222222222555555455555551
0333333333222233333335555552222222225555555555555555522222222222555551
0222222222222222222223555555555555555555554555555555225555555555555551
0555555555555555555555555522222222222222222225555555522555555555554551
0555555555555555555545555555555555555555555222222222222555555222222221
0455555555555555552222222555555555555555555555555555555555555555555551
0222222222222222222255552255555555555555555555555555555455555555555551
0555555555555555555555552222255555555555555555522222222222222222222221
0555555555555555555555555552255555555555555555555555555555555555555551
0555555555555555455555555555555555555555555555545555555555555555555551
2222222222222222222222222222222222222222222222222222222222222222222222
